00001
00002
00003
00004
00005
00006
00007
00008
00010
00011
00012
00014
00015
00016
00018
00019
00020
00021
00022
00026
00027
00028
00029
00030
00031
00032
00033
00034
00035
00036
00037
00038
00040
00042
00045
00046
00048
00049
00050
00051
00053
00054
00055
00056
00057
00059
00060
00061
00062
00063
00064
00065
00066
00067
00068
00070
00071
00073
00074
00075
00076
00078
00079
00081
00082
00083
00085
00086
00088
00090
00091
00092
00094
00095
00096
00097
00098
00100
00101
00102
00103
00104
00106
00109
00110
00111
00113
00114
00115
00116
00118
00119
00120
00122
00123
00126
00129
00130
00131
00132
00135
00136
00137
00138
00139
00141
00142
00143
00144
00145
00147
00148
00149
00150
00151
00152
00153
00154
00156
00157
00158
00159
00160
00161
00162
00163
00164
00165
00167
00168
00169
00170
00171
00172
00174
00176
00177
00178
00179
00180
00182
00183
00184
00185
00186
00187
00188
00189
00192
00194
00196
00197
00198
00199
00200
00201
00202
00203
00205
00206
00207
00208
00209
00210
00212
00214
00215
00216
00217
00219
00220
00221
00223
00224
00226
00227
00228
00229
00230
00231
00232
00235
00236
00239
00240
00241
00242
00245
00247
00248
00249
00250
00251
00253
00254
00255
00257
00258
00259
00260
00261
00262
00263
00265
00266
00267
00268
00270
00271
00273
00274
00276
00277
00279
00280
00281
00282
00283
00285
00286
00291
00292
00293
00294
00295
00296
00297
00299
00300
00301
00302
00303
00304
00305
00306
00307
00308
00309
00310
00311
00312
00315
00316
00318
00319
00320
00321
00322
00323
00324
00325
00326
00327
00328
00329
00330
00331
00334
00335
00336
00337
00339
00340
00341
00342
00343
00344
00345
00346
00347
00348
00349
00353
00355
00356
00357
00358
00359
00360
00363
00364
00366
00368
00370
00372
00373
00374
00375
00378
00379
00380
00381
00383
00385
00386
00387
00390
00391
00392
00393
00395
00396
00398
00400
00402
00403
00404
00405
00407
00408
00409
00412
00413
00414
00415
00416
00417
00418
00420
00421
00422
00423
00425
00427
00428
00430
00431
00432
00434
00435
00436
00438
00441
00442
00444
00445
00447
00448
00449
00451
00452
00453
00454
00455
00456
00457
00458
00459
00461
00462
00463
00465
00466
00467
00468
00469
00470
00473
00474
00475
00477
00479
00482
00483
00484
00485
00486
00487
00490
00491
00492
00494
00495
00496
00497
00498
00501
00502
00503
00505
00506
00507
00508
00509
00512
00513
00514
00515
00516
00517
00520
00521
00522
00525
00527
00528
00529
00531
00532
00533
00534
00535
00537
00538
00539
00540
00542
00544
00546
00550
00551
00552
00553
00554
00556
00558
00559
00561
00562
00563
00565
00567
00569
00570
00571
00572
00573
00575
00576
00577
00578
00579
00580
00581
00583
00584
00585
00586
00587
00588
00590
00591
00592
00594
00595
00596
00598
00600
00601
00603
00604
00605
00607
00608
00609
00610
00611
00613
00614
00615
00616
00617
00618
00619
00624
00626
00627
00628
00629
00631
00633
00634
00635
00636
00637
00639
00640
00641
00642
00643
00644
00648
00649
00651
00652
00654
00655
00656
00659
00660
00662
00663
00665
00666
00668
00671
00672
00675
00676
00677
00678
00679
00681
00682
00683
00684
00685
00687
00688
00689
00690
00692
00694
00695
00696
00698
00699
00700
00701
00703
00704
00706
00707
00708
00709
00711
00712
00713
00714
00715
00716
00720
00721
00722
00723
00726
00727
00729
00730
00731
00732
00733
00734
00735
00736
00737
00738
00739
00740
00741
00742
00743
00745
00746
00750
00751
00754
00755
00756
00757
00759
00760
00762
00763
00765
00767
00769
00770
00771
00772
00773
00775
00776
00778
00779
00782
00783
00784
00785
00786
00787
00789
00790
00794
00795
00797
00798
00799
00801
00803
00805
00806
00807
00809
00810
00811
00812
00814
00815
00816
00817
00819
00820
00822
00823
00824
00826
00827
00829
00830
00832
00834
00836
00837
00838
00841
00842
00843
00844
00845
00846
00847
00848
00849
00850
00851
00852
00853
00856
00857
00859
00862
00863
00864
00865
00868
00869
00871
00872
00873
00874
00875
00877
00878
00879
00880
00881
00883
00884
00886
00888
00890
00891
00892
00893
00894
00895
00896
00898
00899
00900
00901
00902
00903
00904
00905
00906
00908
00909
00911
00912
00913
00914
00916
00917
00918
00919
00920
00921
00922
00923
00925
00926
00927
00928
00929
00930
00931
00932
00934
00935
00936
00943
00946
00947
00948
00949
00951
00952
00953
00954
00955
00959
00961
00962
00963
00964
00966
00967
00968
00969
00971
00972
00973
00975
00976
00977
00978
00980
00981
00982
00984
00985
00986
00987
00990
00993
00995
00996
00997
00998
01000
01001
01002
01003
01004
01005
01006
01008
01010
01011
01012
01014
01016
01017
01018
01020
01021
01023
01024
01025
01027
01029
01031
01032
01033
01034
01035
01036
01037
01038
01039
01040
01041
01042
01043
01044
01048
01049
01050
01053
01056
01057
01058
01059
01061
01062
01063
01064
01065
01067
01068
01069
01070
01071
01072
01075
01076
01077
01078
01079
01080
01081
01083
01086
01088
01090
01091
01092
01094
01095
01099
01101
01103
01105
01106
01108
01109
01110
01111
01112
01113
01115
01116
01117
01118
01119
01120
01122
01123
01127
01128
01129
01130
01132
01133
01135
01137
01138
01140
01141
01143
01145
01146
01147
01148
01149
01150
01151
01154
01156
01157
01158
01159
01160
01161
01162
01163
01164
01165
01166
01167
01169
01171
01172
01173
01174
01175
01176
01177
01178
01179
01180
01181
01183
01184
01185
01186
01187
01188
01191
01192
01194
01195
01196
01197
01198
01199
01200
01201
01202
01203
01205
01206
01208
01209
01212
01213
01214
01215
01216
01218
01219
01220
01222
01223
01224
01227
01228
01230
01231
01232
01233
01234
01238
01239
01240
01241
01242
01243
01244
01245
01246
01247
01248
01249
01252
01255
01257
01260
01261
01262
01263
01264
01265
01266
01267
01268
01269
01271
01274
01275
01279
01280
01281
01283
01284
01285
01286
01287
01289
01291
01293
01294
01296
01297
01298
01299
01300
01301
01303
01304
01306
01310
01311
01312
01313
01314
01315
01316
01317
01319
01321
01322
01323
01324
01325
01327
01328
01330
01331
01332
01333
01334
01335
01337
01338
01339
01340
01341
01342
01343
01344
01345
01347
01348
01349
01351
01352
01353
01354
01355
01356
01357
01358
01360
01361
01362
01364
01365
01368
01369
01371
01372
01373
01374
01376
01377
01378
01379
01380
01381
01383
01384
01387
01388
01389
01390
01391
01392
01393
01394
01395
01396
01397
01398
01399
01400
01402
01403
01404
01405
01406
01407
01409
01410
01411
01412
01413
01415
01417
01418
01419
01420
01421
01423
01424
01425
01426
01427
01428
01429
01430
01431
01432
01433
01434
01435
01437
01438
01439
01440
01441
01443
01444
01445
01447
01448
01449
01452
01453
01455
01456
01458
01460
01461
01463
01464
01465
01466
01468
01469
01472
01473
01475
01476
01477
01478
01479
01480
01481
01482
01483
01484
01485
01486
01488
01489
01490
01491
01492
01494
01495
01497
01498
01499
01500
01501
01502
01503
01504
01505
01506
01507
01509
01510
01511
01512
01515
01517
01518
01520
01521
01522
01523
01524
01525
01526
01527
01529
01530
01532
01533
01535
01537
01538
01539
01540
01541
01542
01544
01546
01547
01549
01550
01551
01552
01553
01554
01555
01556
01557
01558
01560
01561
01562
01564
01565
01567
01568
01569
01571
01572
01573
01574
01575
01576
01579
01581
01582
01583
01585
01587
01588
01589
01591
01593
01594
01595
01597
01601
01602
01604
01605
01609
01610
01611
01612
01613
01614
01615
01616
01619
01620
01621
01622
01624
01625
01627
01628
01630
01631
01634
01635
01636
01637
01638
01639
01640
01641
01642
01643
01645
01646
01649
01650
01652
01653
01654
01655
01656
01657
01658
01659
01660
01662
01663
01664
01665
01666
01667
01668
01669
01672
01674
01676
01677
01679
01680
01681
01682
01683
01685
01686
01689
01690
01691
01692
01693
01694
01695
01699
01700
01701
01702
01703
01704
01705
01706
01707
01708
01709
01710
01711
01712
01714
01718
01719
01721
01722
01723
01724
01726
01727
01728
01729
01730
01732
01733
01734
01735
01736
01738
01739
01740
01741
01742
01744
01745
01746
01747
01748
01749
01750
01751
01752
01753
01754
01755
01756
01757
01758
01759
01760
01761
01762
01765
01767
01768
01769
01770
01772
01773
01774
01775
01777
01778
01779
01782
01783
01784
01785
01786
01787
01788
01789
01791
01793
01794
01795
01796
01797
01798
01799
01801
01802
01803
01804
01805
01807
01808
01809
01810
01811
01812
01813
01814
01815
01816
01817
01818
01819
01821
01823
01824
01826
01827
01828
01829
01833
01834
01838
01839
01840
01842
01843
01844
01845
01846
01847
01848
01849
01850
01851
01852
01853
01854
01856
01857
01858
01859
01860
01861
01862
01863
01864
01865
01866
01867
01869
01870
01873
01874
01875
01876
01877
01880
01883
01884
01885
01886
01888
01889
01893
01895
01897
01900
01902
01903
01904
01905
01906
01908
01909
01910
01911
01912
01914
01917
01919
01920
01921
01922
01923
01924
01925
01926
01927
01928
01929
01932
01933
01934
01935
01936
01937
01939
01941
01943
01944
01945
01946
01947
01949
01950
01952
01953
01954
01955
01956
01959
01960
01961
01962
01963
01964
01965
01966
01967
01968
01969
01970
01971
01972
01974
01976
01978
01979
01981
01982
01983
01984
01985
01986
01989
01990
01991
01993
01996
01997
01999
02001
02002
02003
02004
02005
02006
02007
02008
02009
02011
02012
02014
02015
02016
02017
02018
02020
02021
02022
02023
02024
02025
02026
02027
02029
02030
02031
02034
02035
02036
02037
02040
02041
02042
02043
02044
02045
02047
02048
02049
02051
02055
02056
02057
02059
02060
02061
02062
02063
02064
02065
02068
02069
02070
02072
02073
02074
02075
02077
02078
02080
02081
02082
02083
02085
02086
02087
02088
02090
02091
02093
02094
02095
02097
02098
02099
02100
02103
02104
02105
02106
02107
02109
02110
02112
02113
02115
02116
02117
02119
02120
02121
02122
02123
02124
02125
02126
02127
02128
02129
02130
02132
02133
02134
02136
02138
02139
02141
02142
02144
02145
02146
02147
02149
02150
02151
02152
02153
02154
02156
02158
02160
02161
02162
02163
02164
02166
02168
02170
02171
02172
02174
02175
02176
02177
02179
02180
02184
02185
02186
02187
02189
02191
02192
02193
02195
02196
02197
02198
02200
02201
02202
02203
02204
02205
02206
02207
02209
02210
02213
02215
02216
02218
02221
02223
02224
02228
02229
02230
02231
02234
02235
02236
02238
02239
02240
02241
02242
02243
02244
02245
02246
02247
02249
02250
02251
02252
02254
02255
02256
02258
02259
02260
02261
02262
02263
02264
02265
02266
02267
02269
02270
02271
02272
02274
02277
02278
02279
02280
02281
02283
02284
02286
02287
02288
02290
02291
02292
02293
02294
02295
02296
02298
02302
02303
02304
02305
02306
02307
02308
02309
02311
02312
02313
02314
02315
02316
02317
02319
02320
02321
02322
02323
02324
02325
02326
02327
02328
02329
02330
02332
02333
02334
02335
02337
02339
02340
02341
02342
02343
02345
02346
02348
02350
02351
02352
02353
02354
02355
02356
02357
02361
02363
02364
02365
02366
02367
02368
02369
02371
02375
02376
02377
02378
02379
02380
02383
02384
02385
02386
02387
02389
02390
02391
02393
02395
02396
02397
02398
02400
02401
02402
02405
02406
02407
02408
02409
02410
02412
02413
02414
02416
02417
02419
02420
02421
02423
02424
02425
02427
02428
02429
02430
02431
02433
02434
02436
02437
02438
02439
02440
02441
02443
02444
02446
02447
02449
02450
02451
02452
02453
02454
02455
02456
02457
02458
02460
02462
02463
02464
02465
02466
02467
02469
02470
02471
02472
02473
02474
02475
02476
02477
02478
02479
02481
02482
02485
02489
02490
02491
02492
02493
02494
02496
02497
02501
02502
02503
02504
02505
02506
02507
02509
02510
02512
02513
02514
02515
02516
02517
02518
02521
02522
02523
02524
02526
02527
02528
02533
02534
02535
02536
02537
02539
02540
02541
02544
02547
02549
02552
02553
02554
02556
02557
02559
02561
02565
02566
02567
02568
02569
02570
02571
02572
02573
02574
02575
02577
02578
02580
02581
02582
02583
02584
02585
02586
02589
02590
02592
02595
02596
02598
02600
02602
02603
02604
02605
02606
02608
02609
02610
02611
02613
02614
02615
02616
02617
02618
02621
02622
02623
02625
02627
02628
02630
02631
02632
02633
02635
02636
02637
02638
02640
02641
02642
02643
02644
02645
02646
02649
02650
02652
02653
02654
02656
02657
02658
02659
02660
02661
02662
02663
02664
02665
02666
02669
02670
02672
02673
02674
02675
02676
02678
02680
02681
02682
02683
02684
02685
02686
02687
02691
02694
02695
02699
02701
02702
02703
02704
02708
02709
02710
02712
02714
02715
02717
02718
02719
02720
02721
02722
02723
02724
02725
02726
02727
02728
02729
02731
02732
02733
02734
02735
02736
02737
02740
02741
02742
02743
02744
02746
02747
02748
02751
02752
02755
02756
02757
02758
02759
02760
02761
02762
02763
02764
02767
02768
02769
02770
02771
02773
02777
02778
02779
02780
02781
02784
02785
02787
02790
02791
02792
02793
02794
02795
02796
02797
02798
02799
02801
02802
02803
02804
02805
02806
02810
02811
02812
02813
02817
02819
02820
02822
02823
02824
02825
02826
02827
02828
02829
02830
02831
02832
02833
02834
02835
02836
02838
02839
02842
02843
02847
02848
02849
02850
02851
02853
02854
02856
02857
02858
02860
02863
02864
02865
02869
02870
02871
02872
02874
02875
02879
02880
02881
02882
02885
02886
02888
02889
02890
02891
02894
02895
02896
02897
02900
02901
02902
02904
02905
02906
02907
02908
02909
02910
02912
02913
02914
02916
02917
02918
02919
02921
02922
02923
02924
02925
02926
02927
02931
02932
02933
02934
02935
02936
02937
02938
02939
02940
02944
02945
02946
02947
02948
02950
02951
02952
02953
02955
02957
02959
02960
02961
02965
02967
02969
02974
02976
02977
02978
02979
02980
02981
02982
02983
02984
02986
02987
02988
02989
02990
02992
02994
02996
02998
02999
03000
03001
03002
03003
03004
03006
03007
03009
03010
03011
03012
03013
03014
03016
03017
03018
03020
03021
03022
03023
03025
03027
03028
03029
03030
03031
03032
03033
03034
03035
03036
03037
03038
03039
03040
03042
03043
03045
03046
03047
03051
03053
03055
03056
03057
03058
03061
03063
03064
03066
03067
03069
03070
03071
03074
03075
03076
03077
03078
03079
03080
03081
03083
03084
03086
03088
03093
03094
03095
03096
03098
03101
03103
03105
03106
03107
03108
03109
03110
03111
03113
03114
03115
03116
03118
03122
03123
03126
03127
03128
03130
03131
03132
03133
03135
03137
03138
03139
03140
03141
03142
03143
03144
03145
03146
03147
03148
03149
03150
03151
03152
03153
03154
03155
03156
03157
03159
03160
03161
03163
03164
03165
03166
03167
03168
03169
03170
03171
03173
03174
03175
03176
03177
03178
03179
03180
03182
03183
03185
03186
03189
03191
03192
03193
03194
03196
03197
03198
03199
03200
03201
03202
03205
03206
03207
03208
03210
03211
03212
03214
03215
03217
03218
03219
03220
03221
03223
03224
03226
03227
03228
03229
03230
03231
03232
03233
03234
03235
03236
03239
03241
03242
03243
03244
03245
03246
03247
03249
03250
03252
03253
03254
03255
03256
03257
03258
03259
03261
03262
03264
03266
03267
03268
03271
03272
03273
03274
03275
03277
03278
03280
03282
03283
03285
03286
03290
03291
03294
03295
03296
03298
03301
03302
03304
03305
03307
03308
03309
03310
03312
03314
03317
03318
03320
03321
03323
03324
03326
03327
03328
03329
03330
03331
03332
03333
03335
03336
03337
03339
03341
03342
03343
03344
03347
03349
03350
03351
03352
03354
03356
03357
03359
03360
03361
03362
03363
03367
03368
03370
03371
03372
03375
03377
03378
03379
03380
03381
03382
03383
03384
03385
03386
03387
03389
03390
03391
03392
03393
03394
03395
03397
03398
03401
03402
03403
03405
03406
03407
03408
03409
03410
03411
03413
03415
03416
03417
03418
03419
03420
03421
03422
03425
03426
03427
03428
03430
03431
03432
03434
03437
03438
03439
03440
03441
03443
03444
03445
03446
03447
03448
03449
03450
03451
03452
03453
03454
03455
03456
03457
03458
03459
03460
03466
03467
03468
03469
03471
03472
03474
03475
03479
03480
03481
03482
03483
03485
03486
03487
03488
03490
03491
03492
03493
03494
03495
03496
03498
03501
03502
03503
03504
03505
03506
03507
03508
03509
03510
03511
03512
03514
03516
03517
03518
03519
03520
03521
03523
03525
03526
03527
03528
03530
03531
03533
03534
03535
03538
03539
03540
03542
03543
03544
03545
03547
03550
03551
03552
03553
03554
03555
03556
03557
03558
03559
03560
03561
03562
03563
03564
03565
03566
03567
03568
03569
03570
03571
03572
03573
03574
03576
03577
03578
03579
03581
03582
03584
03585
03586
03589
03590
03591
03592
03593
03594
03597
03598
03599
03601
03602
03604
03605
03606
03607
03609
03610
03612
03613
03614
03617
03618
03619
03620
03621
03622
03623
03624
03625
03626
03627
03630
03631
03632
03635
03636
03637
03640
03642
03643
03644
03645
03646
03647
03650
03651
03652
03656
03657
03658
03660
03661
03662
03663
03664
03665
03666
03667
03668
03669
03670
03671
03672
03673
03674
03677
03678
03679
03680
03682
03683
03684
03686
03687
03688
03690
03691
03692
03693
03694
03695
03696
03697
03698
03699
03701
03702
03703
03705
03706
03710
03711
03713
03716
03717
03718
03719
03721
03722
03725
03726
03727
03729
03730
03731
03733
03734
03735
03737
03738
03740
03741
03742
03743
03744
03745
03747
03748
03749
03753
03755
03756
03758
03759
03760
03762
03763
03764
03766
03767
03768
03769
03772
03773
03774
03775
03776
03778
03780
03781
03782
03783
03784
03785
03786
03787
03788
03789
03790
03793
03796
03797
03798
03799
03800
03801
03803
03804
03807
03808
03809
03811
03813
03814
03816
03817
03818
03819
03822
03823
03824
03825
03826
03827
03828
03829
03830
03831
03833
03835
03836
03837
03838
03840
03841
03845
03847
03848
03849
03850
03851
03852
03853
03854
03855
03856
03858
03859
03860
03861
03862
03863
03865
03867
03868
03869
03870
03871
03872
03876
03877
03878
03879
03880
03881
03882
03883
03884
03885
03886
03889
03890
03892
03894
03895
03896
03897
03898
03900
03901
03902
03903
03906
03907
03908
03909
03910
03911
03912
03915
03916
03917
03918
03919
03921
03922
03923
03924
03925
03926
03927
03928
03929
03930
03931
03932
03933
03934
03935
03936
03939
03940
03941
03942
03945
03947
03948
03949
03950
03951
03952
03953
03954
03955
03956
03957
03958
03959
03961
03962
03963
03964
03965
03967
03968
03969
03971
03972
03973
03974
03975
03976
03977
03978
03979
03980
03981
03982
03984
03985
03986
03987
03988
03989
03990
03991
03992
03993
03994
03995
03997
03998
04000
04001
04002
04003
04005
04006
04007
04008
04009
04011
04012
04013
04015
04016
04017
04019
04020
04021
04022
04023
04024
04026
04027
04028
04029
04030
04031
04032
04036
04037
04039
04040
04041
04042
04045
04046
04047
04049
04050
04052
04053
04055
04056
04057
04060
04062
04063
04064
04065
04066
04068
04070
04073
04075
04076
04077
04078
04080
04082
04083
04085
04086
04087
04089
04090
04092
04093
04094
04095
04096
04098
04102
04103
04104
04105
04106
04108
04109
04110
04112
04113
04114
04115
04116
04121
04124
04125
04126
04127
04128
04129
04130
04131
04132
04133
04134
04135
04136
04137
04138
04139
04140
04141
04142
04143
04144
04145
04146
04147
04148
04149
04150
04151
04152
04154
04155
04156
04157
04158
04159
04160
04161
04162
04164
04165
04166
04169
04170
04171
04172
04173
04174
04175
04176
04177
04178
04180
04182
04183
04184
04187
04188
04189
04190
04194
04195
04197
04198
04199
04200
04201
04202
04203
04204
04205
04207
04208
04209
04210
04211
04212
04214
04215
04217
04218
04219
04220
04221
04222
04224
04225
04227
04230
04231
04232
04233
04234
04235
04236
04237
04238
04239
04240
04242
04243
04244
04245
04246
04248
04249
04250
04253
04255
04256
04257
04260
04261
04262
04263
04265
04267
04268
04269
04270
04271
04273
04274
04275
04277
04280
04281
04282
04283
04284
04285
04289
04290
04291
04292
04294
04296
04297
04298
04299
04300
04304
04307
04308
04310
04311
04312
04313
04314
04315
04316
04317
04318
04319
04320
04322
04324
04325
04326
04327
04328
04330
04331
04332
04335
04337
04339
04340
04341
04342
04344
04346
04349
04350
04353
04354
04355
04356
04357
04358
04359
04362
04363
04365
04366
04367
04368
04369
04370
04371
04372
04373
04375
04376
04377
04378
04379
04382
04383
04387
04388
04389
04390
04391
04392
04393
04394
04395
04396
04397
04398
04399
04401
04402
04404
04405
04407
04408
04410
04411
04412
04413
04414
04415
04416
04417
04418
04421
04422
04423
04424
04425
04426
04427
04428
04429
04430
04431
04433
04434
04435
04436
04437
04438
04439
04441
04442
04443
04447
04448
04449
04450
04451
04452
04454
04458
04459
04461
04462
04464
04465
04468
04469
04470
04471
04472
04473
04475
04476
04477
04478
04479
04480
04481
04482
04483
04485
04486
04488
04489
04490
04491
04492
04493
04494
04497
04499
04500
04501
04502
04503
04504
04505
04508
04509
04511
04512
04513
04514
04515
04516
04517
04518
04521
04523
04524
04526
04527
04528
04529
04530
04532
04535
04538
04540
04541
04543
04545
04546
04547
04549
04550
04554
04555
04556
04557
04558
04559
04561
04563
04564
04565
04566
04567
04568
04569
04570
04572
04576
04577
04578
04580
04581
04582
04583
04584
04585
04586
04587
04588
04590
04593
04594
04595
04596
04597
04600
04601
04602
04603
04604
04605
04606
04607
04609
04611
04612
04613
04615
04616
04617
04618
04619
04622
04623
04627
04628
04629
04630
04631
04633
04635
04636
04637
04638
04639
04640
04641
04642
04644
04646
04647
04650
04651
04652
04653
04654
04655
04656
04657
04658
04660
04662
04663
04664
04665
04666
04668
04669
04671
04672
04675
04676
04677
04678
04680
04681
04682
04683
04684
04685
04687
04689
04690
04691
04692
04693
04694
04695
04696
04697
04699
04701
04702
04703
04704
04705
04706
04708
04710
04713
04714
04716
04720
04721
04723
04725
04727
04728
04729
04730
04731
04733
04735
04736
04738
04739
04740
04741
04742
04743
04745
04746
04748
04749
04750
04751
04754
04756
04760
04762
04764
04765
04767
04769
04770
04771
04773
04774
04775
04776
04777
04778
04779
04780
04781
04782
04784
04785
04787
04788
04789
04790
04791
04793
04794
04795
04796
04798
04799
04800
04801
04802
04803
04804
04806
04807
04808
04809
04810
04812
04813
04814
04815
04816
04818
04820
04821
04822
04823
04824
04825
04826
04827
04829
04831
04832
04833
04835
04837
04839
04842
04843
04844
04845
04847
04848
04849
04850
04851
04852
04853
04855
04856
04857
04858
04862
04864
04867
04870
04871
04872
04873
04874
04875
04876
04878
04879
04880
04881
04883
04885
04886
04887
04888
04889
04892
04893
04894
04895
04897
04898
04900
04901
04903
04904
04905
04906
04908
04909
04910
04912
04913
04914
04915
04917
04919
04920
04921
04922
04923
04925
04926
04927
04928
04929
04930
04931
04932
04933
04934
04935
04936
04937
04939
04940
04941
04943
04946
04947
04950
04951
04952
04954
04955
04957
04959
04962
04965
04966
04967
04968
04969
04970
04971
04972
04973
04974
04975
04976
04977
04979
04980
04981
04982
04983
04984
04985
04989
04990
04991
04992
04994
04995
04996
04997
04999
05000
05001
05002
05003
05005
05006
05007
05010
05011
05012
05013
05016
05017
05018
05019
05021
05022
05024
05027
05028
05029
05032
05033
05036
05037
05038
05039
05040
05043
05044
05047
05048
05049
05050
05051
05052
05053
05054
05058
05059
05060
05062
05065
05066
05070
05071
05072
05073
05074
05075
05077
05078
05079
05080
05083
05084
05085
05086
05088
05089
05092
05093
05094
05098
05100
05101
05102
05103
05104
05105
05106
05107
05108
05110
05113
05114
05116
05117
05118
05119
05121
05123
05124
05125
05126
05128
05129
05130
05131
05132
05136
05137
05138
05139
05141
05142
05147
05148
05150
05151
05152
05153
05155
05156
05157
05159
05160
05162
05163
05164
05165
05166
05168
05170
05171
05172
05174
05176
05178
05179
05181
05182
05184
05186
05187
05188
05189
05190
05191
05193
05194
05195
05196
05197
05199
05200
05201
05203
05204
05205
05207
05208
05209
05210
05211
05212
05213
05214
05215
05217
05218
05219
05220
05221
05223
05224
05226
05228
05229
05230
05231
05232
05234
05235
05236
05237
05238
05239
05240
05242
05243
05244
05245
05249
05250
05251
05253
05255
05256
05257
05258
05259
05261
05262
05265
05266
05267
05268
05271
05272
05273
05274
05275
05276
05277
05279
05280
05281
05282
05283
05285
05286
05289
05290
05291
05293
05299
05304
05305
05306
05309
05311
05312
05316
05317
05318
05319
05321
05322
05323
05325
05326
05327
05328
05330
05332
05333
05335
05336
05337
05338
05340
05341
05344
05345
05346
05347
05350
05351
05352
05355
05356
05357
05358
05359
05361
05364
05365
05366
05367
05368
05370
05371
05373
05374
05375
05376
05379
05380
05381
05382
05383
05384
05385
05386
05387
05388
05389
05390
05394
05395
05396
05397
05398
05399
05400
05401
05402
05403
05405
05406
05407
05408
05411
05412
05413
05414
05415
05416
05417
05418
05419
05422
05423
05424
05425
05426
05427
05428
05430
05431
05432
05433
05435
05436
05437
05438
05439
05440
05441
05442
05443
05444
05445
05446
05447
05448
05450
05451
05452
05453
05457
05458
05459
05460
05461
05462
05463
05464
05465
05467
05470
05471
05472
05473
05475
05476
05477
05478
05479
05482
05483
05484
05485
05486
05487
05488
05489
05490
05491
05492
05493
05494
05497
05499
05500
05501
05502
05504
05506
05507
05508
05510
05511
05513
05514
05515
05516
05517
05520
05521
05522
05523
05524
05525
05526
05527
05528
05529
05531
05532
05533
05534
05535
05536
05537
05538
05539
05540
05541
05542
05544
05545
05546
05548
05549
05551
05552
05553
05555
05556
05557
05559
05561
05562
05563
05564
05565
05566
05570
05571
05573
05574
05575
05576
05577
05578
05579
05580
05581
05584
05585
05586
05588
05589
05590
05591
05592
05593
05594
05595
05596
05598
05599
05600
05601
05602
05603
05606
05607
05608
05609
05610
05612
05613
05614
05615
05616
05620
05621
05622
05623
05624
05626
05627
05628
05629
05630
05631
05632
05633
05636
05637
05638
05640
05641
05642
05643
05644
05645
05646
05647
05648
05650
05651
05652
05653
05654
05655
05656
05657
05658
05659
05660
05662
05663
05666
05667
05669
05670
05671
05672
05673
05676
05677
05678
05679
05680
05681
05682
05684
05685
05687
05689
05690
05693
05694
05695
05696
05697
05698
05699
05700
05701
05702
05703
05704
05705
05706
05708
05711
05712
05714
05715
05716
05717
05718
05719
05720
05721
05722
05723
05724
05725
05726
05730
05731
05732
05733
05734
05735
05736
05738
05740
05741
05744
05746
05747
05748
05749
05750
05751
05753
05754
05755
05756
05757
05758
05759
05760
05761
05763
05765
05767
05768
05769
05771
05772
05773
05774
05775
05776
05777
05779
05781
05783
05784
05786
05788
05789
05790
05792
05793
05794
05796
05797
05798
05799
05801
05802
05803
05804
05806
05808
05809
05810
05811
05812
05813
05815
05816
05817
05818
05819
05820
05822
05823
05824
05826
05827
05828
05829
05830
05831
05832
05833
05834
05835
05837
05840
05843
05844
05845
05846
05847
05848
05849
05850
05851
05852
05853
05855
05856
05857
05859
05860
05861
05862
05864
05866
05867
05871
05872
05873
05874
05875
05877
05880
05885
05886
05887
05889
05890
05891
05894
05895
05896
05897
05899
05900
05902
05903
05904
05907
05908
05910
05912
05914
05915
05916
05918
05919
05921
05922
05924
05925
05926
05928
05929
05930
05931
05933
05934
05935
05936
05938
05941
05942
05943
05944
05947
05949
05950
05951
05953
05954
05955
05958
05959
05960
05961
05962
05963
05964
05965
05966
05967
05968
05969
05970
05972
05973
05975
05976
05977
05979
05980
05981
05984
05988
05989
05991
05992
05993
05994
05995
05996
05998
06000
06001
06002
06003
06005
06007
06009
06010
06011
06012
06015
06016
06017
06019
06021
06023
06024
06025
06026
06027
06028
06029
06030
06034
06035
06036
06037
06039
06040
06041
06042
06045
06046
06047
06049
06051
06052
06053
06054
06055
06056
06057
06058
06059
06060
06062
06064
06065
06068
06069
06070
06074
06076
06077
06078
06079
06081
06082
06083
06084
06085
06087
06088
06089
06090
06091
06092
06095
06096
06097
06098
06099
06100
06102
06103
06104
06107
06108
06109
06111
06112
06113
06114
06118
06119
06120
06121
06122
06123
06124
06125
06126
06127
06128
06130
06131
06132
06133
06134
06135
06136
06139
06140
06141
06142
06143
06144
06145
06146
06147
06148
06149
06150
06151
06152
06153
06154
06155
06157
06160
06161
06165
06166
06167
06168
06169
06170
06171
06172
06173
06174
06175
06176
06177
06178
06180
06184
06185
06186
06187
06188
06189
06191
06192
06193
06195
06198
06199
06200
06201
06203
06204
06206
06208
06210
06211
06212
06213
06214
06215
06216
06217
06218
06219
06221
06222
06224
06225
06226
06227
06228
06229
06231
06233
06234
06235
06236
06238
06239
06240
06241
06242
06243
06244
06245
06247
06248
06251
06255
06256
06257
06258
06259
06260
06261
06263
06264
06265
06266
06267
06268
06269
06270
06271
06272
06273
06274
06275
06277
06278
06279
06281
06282
06283
06284
06285
06286
06288
06290
06291
06292
06293
06294
06295
06297
06300
06301
06302
06304
06305
06306
06307
06308
06310
06311
06312
06313
06314
06316
06317
06318
06319
06320
06321
06323
06324
06325
06327
06329
06330
06331
06332
06333
06335
06336
06337
06338
06340
06341
06342
06343
06344
06345
06346
06347
06348
06349
06350
06351
06352
06353
06354
06355
06357
06358
06359
06361
06362
06363
06365
06366
06367
06368
06369
06370
06371
06375
06376
06377
06378
06380
06381
06382
06383
06385
06386
06387
06391
06392
06394
06395
06397
06398
06399
06400
06402
06403
06404
06405
06406
06407
06408
06409
06410
06411
06413
06416
06417
06418
06419
06420
06421
06422
06423
06424
06427
06429
06431
06432
06433
06434
06435
06436
06438
06439
06440
06441
06442
06443
06444
06447
06449
06450
06451
06452
06454
06455
06457
06459
06461
06463
06464
06465
06466
06467
06468
06469
06470
06471
06472
06474
06476
06477
06478
06479
06481
06486
06488
06491
06492
06493
06494
06495
06496
06497
06498
06500
06504
06505
06507
06509
06510
06511
06512
06514
06515
06516
06518
06519
06520
06521
06522
06523
06525
06527
06528
06530
06531
06532
06533
06535
06537
06538
06539
06541
06542
06543
06544
06545
06547
06548
06550
06551
06552
06553
06555
06556
06557
06558
06559
06560
06561
06562
06563
06565
06566
06568
06570
06571
06572
06573
06575
06577
06579
06580
06581
06582
06583
06584
06585
06588
06589
06590
06591
06592
06593
06594
06595
06596
06597
06598
06601
06602
06604
06607
06609
06610
06614
06615
06616
06617
06618
06619
06620
06621
06622
06623
06625
06626
06627
06630
06631
06632
06633
06634
06636
06637
06638
06639
06640
06641
06642
06643
06644
06645
06646
06648
06649
06650
06652
06653
06654
06655
06656
06657
06658
06659
06660
06662
06664
06665
06666
06667
06668
06669
06670
06671
06673
06674
06675
06676
06677
06679
06680
06681
06682
06683
06685
06686
06687
06688
06690
06692
06694
06695
06696
06697
06699
06700
06701
06702
06703
06705
06707
06708
06709
06710
06711
06712
06713
06714
06715
06716
06717
06719
06720
06721
06722
06723
06724
06725
06726
06727
06728
06731
06732
06733
06735
06736
06737
06738
06739
06740
06741
06743
06744
06745
06746
06748
06749
06750
06751
06752
06753
06755
06757
06758
06762
06763
06764
06765
06766
06767
06769
06770
06771
06772
06773
06774
06775
06776
06778
06779
06780
06781
06782
06784
06785
06786
06787
06788
06789
06790
06792
06793
06794
06795
06797
06798
06799
06800
06801
06802
06803
06804
06805
06806
06811
06812
06813
06814
06815
06816
06817
06818
06819
06820
06821
06822
06823
06824
06828
06829
06830
06833
06835
06837
06839
06840
06841
06842
06845
06846
06847
06848
06849
06853
06855
06856
06857
06858
06859
06861
06862
06863
06865
06866
06867
06868
06869
06870
06871
06872
06874
06876
06877
06878
06879
06880
06882
06884
06885
06887
06888
06889
06890
06891
06892
06894
06895
06896
06897
06898
06900
06901
06902
06903
06905
06906
06907
06908
06910
06911
06913
06914
06915
06916
06917
06918
06920
06921
06922
06923
06926
06927
06928
06930
06932
06933
06934
06935
06936
06937
06938
06940
06941
06942
06943
06944
06946
06948
06949
06950
06951
06952
06953
06954
06957
06958
06959
06961
06963
06966
06967
06968
06969
06970
06971
06973
06974
06977
06978
06979
06980
06982
06984
06985
06986
06987
06988
06989
06990
06991
06992
06993
06995
06996
06997
06998
07000
07003
07004
07005
07006
07007
07008
07009
07010
07012
07013
07014
07016
07018
07023
07026
07027
07028
07029
07030
07031
07032
07033
07034
07035
07036
07037
07038
07039
07040
07041
07043
07045
07046
07047
07048
07049
07050
07051
07052
07053
07055
07056
07057
07059
07060
07061
07063
07066
07067
07069
07070
07071
07072
07073
07074
07076
07078
07079
07080
07081
07082
07083
07084
07085
07086
07087
07088
07089
07090
07092
07093
07094
07095
07099
07100
07101
07102
07103
07105
07107
07109
07111
07112
07114
07115
07116
07118
07119
07121
07122
07124
07125
07126
07127
07128
07130
07131
07132
07133
07135
07136
07138
07139
07140
07141
07142
07143
07144
07145
07146
07147
07149
07150
07152
07153
07155
07156
07157
07159
07160
07161
07162
07163
07164
07165
07166
07169
07170
07171
07173
07174
07175
07177
07178
07179
07180
07181
07182
07183
07184
07185
07186
07188
07189
07190
07191
07192
07193
07194
07195
07196
07197
07198
07199
07201
07202
07203
07204
07205
07207
07208
07209
07210
07211
07212
07213
07214
07215
07216
07217
07218
07221
07222
07223
07224
07225
07226
07228
07230
07231
07232
07235
07236
07237
07239
07241
07242
07243
07244
07246
07247
07248
07249
07250
07251
07252
07253
07254
07255
07256
07257
07259
07262
07263
07264
07265
07266
07268
07269
07270
07271
07272
07273
07274
07276
07277
07278
07279
07280
07281
07282
07283
07284
07286
07288
07289
07291
07292
07293
07295
07296
07297
07298
07299
07300
07301
07303
07308
07310
07311
07312
07314
07315
07316
07317
07318
07319
07320
07321
07322
07323
07324
07325
07326
07327
07328
07329
07331
07332
07333
07334
07335
07336
07337
07338
07340
07341
07342
07344
07345
07347
07348
07349
07351
07352
07353
07355
07356
07357
07359
07360
07361
07363
07364
07365
07367
07369
07370
07371
07372
07373
07376
07377
07378
07380
07381
07382
07383
07385
07386
07388
07389
07390
07392
07393
07394
07395
07396
07398
07399
07400
07401
07402
07403
07404
07406
07407
07408
07411
07412
07414
07415
07416
07420
07421
07422
07423
07425
07426
07427
07429
07431
07434
07435
07437
07438
07439
07440
07441
07443
07444
07445
07446
07447
07448
07449
07450
07451
07452
07456
07458
07459
07460
07461
07462
07463
07464
07465
07466
07468
07469
07470
07471
07472
07473
07474
07475
07477
07480
07482
07483
07484
07485
07486
07487
07488
07489
07490
07493
07494
07495
07498
07499
07500
07501
07502
07504
07505
07506
07507
07508
07509
07510
07511
07512
07513
07514
07515
07516
07517
07518
07520
07522
07523
07525
07526
07527
07528
07529
07532
07533
07534
07535
07537
07538
07539
07540
07541
07543
07544
07545
07546
07547
07549
07550
07552
07553
07554
07555
07556
07557
07558
07559
07560
07561
07563
07564
07565
07566
07568
07569
07570
07572
07573
07574
07575
07576
07578
07581
07583
07584
07585
07587
07588
07589
07591
07595
07596
07597
07598
07600
07601
07602
07603
07604
07606
07607
07608
07609
07610
07612
07613
07614
07615
07616
07617
07618
07621
07622
07624
07625
07626
07627
07628
07629
07632
07633
07635
07636
07637
07638
07639
07641
07642
07644
07646
07647
07649
07651
07652
07654
07655
07656
07657
07658
07659
07661
07662
07663
07664
07665
07666
07667
07669
07670
07671
07672
07673
07674
07675
07676
07677
07678
07679
07680
07681
07682
07683
07685
07687
07689
07691
07693
07695
07696
07697
07698
07699
07700
07701
07702
07703
07705
07706
07707
07710
07712
07714
07715
07716
07717
07719
07720
07723
07724
07726
07727
07729
07730
07731
07733
07735
07736
07737
07738
07739
07740
07742
07745
07746
07747
07750
07752
07755
07756
07757
07758
07759
07760
07761
07764
07765
07766
07767
07769
07770
07771
07774
07775
07776
07777
07779
07780
07781
07782
07785
07786
07787
07788
07789
07790
07791
07792
07793
07796
07798
07799
07800
07801
07802
07803
07804
07805
07806
07808
07809
07811
07812
07813
07815
07816
07818
07820
07822
07823
07824
07825
07826
07827
07828
07830
07831
07833
07834
07835
07836
07837
07838
07839
07840
07841
07842
07843
07844
07845
07846
07847
07848
07850
07851
07853
07854
07855
07857
07858
07859
07860
07861
07862
07863
07866
07867
07868
07870
07871
07873
07874
07875
07876
07877
07878
07880
07881
07882
07883
07884
07885
07887
07888
07891
07892
07895
07897
07898
07901
07902
07903
07904
07905
07906
07908
07909
07910
07912
07913
07914
07915
07916
07917
07918
07919
07920
07921
07922
07923
07926
07928
07931
07932
07933
07934
07936
07938
07939
07940
07942
07944
07945
07947
07948
07951
07952
07953
07954
07955
07956
07957
07958
07959
07960
07961
07962
07964
07965
07966
07967
07968
07969
07970
07971
07972
07973
07974
07975
07976
07978
07979
07981
07982
07984
07985
07987
07988
07989
07990
07995
07996
07997
07998
08000
08001
08002
08003
08004
08005
08008
08009
08011
08012
08013
08014
08015
08016
08017
08020
08021
08022
08023
08024
08025
08027
08028
08029
08030
08031
08032
08034
08035
08036
08037
08039
08040
08041
08042
08043
08045
08047
08048
08049
08052
08055
08057
08058
08059
08061
08062
08063
08064
08065
08067
08069
08070
08073
08074
08076
08077
08078
08079
08081
08082
08083
08087
08088
08089
08091
08092
08093
08094
08095
08096
08097
08100
08101
08102
08104
08105
08106
08107
08108
08109
08110
08111
08112
08113
08116
08117
08118
08119
08120
08121
08122
08123
08124
08126
08127
08128
08129
08130
08132
08133
08135
08136
08138
08139
08140
08141
08142
08144
08145
08146
08147
08148
08150
08151
08152
08154
08156
08157
08158
08159
08160
08161
08162
08163
08164
08165
08166
08167
08168
08169
08171
08172
08173
08174
08175
08177
08178
08179
08180
08183
08184
08185
08186
08187
08188
08191
08193
08196
08197
08199
08200
08201
08202
08203
08204
08205
08206
08207
08208
08209
08210
08213
08214
08216
08217
08218
08219
08220
08221
08222
08224
08225
08226
08228
08229
08230
08231
08232
08233
08234
08236
08237
08238
08239
08242
08243
08245
08246
08247
08249
08251
08256
08257
08258
08259
08260
08261
08262
08264
08265
08269
08270
08271
08273
08275
08276
08277
08278
08279
08281
08282
08283
08284
08285
08286
08287
08288
08289
08290
08291
08292
08293
08294
08295
08296
08300
08302
08306
08307
08308
08309
08310
08313
08317
08318
08319
08320
08323
08325
08326
08329
08330
08331
08332
08333
08334
08335
08336
08337
08339
08340
08341
08342
08343
08344
08347
08348
08349
08350
08351
08352
08355
08356
08357
08358
08360
08361
08362
08363
08364
08365
08366
08367
08368
08369
08370
08371
08373
08374
08377
08378
08379
08380
08381
08382
08384
08385
08386
08387
08389
08391
08392
08394
08395
08396
08398
08399
08400
08401
08402
08407
08408
08409
08411
08412
08413
08414
08416
08418
08419
08420
08422
08423
08424
08425
08427
08431
08432
08433
08434
08435
08438
08439
08441
08443
08444
08445
08446
08449
08450
08451
08452
08454
08458
08459
08461
08463
08464
08465
08466
08467
08468
08469
08470
08471
08472
08473
08475
08476
08480
08481
08482
08483
08485
08486
08488
08491
08492
08494
08495
08496
08497
08498
08499
08500
08501
08502
08503
08504
08505
08506
08507
08508
08509
08510
08511
08512
08513
08514
08515
08516
08517
08518
08521
08522
08523
08525
08526
08528
08530
08531
08532
08533
08534
08535
08536
08538
08541
08542
08543
08544
08546
08547
08548
08549
08550
08551
08553
08554
08555
08556
08557
08558
08559
08560
08561
08562
08564
08565
08566
08568
08569
08570
08571
08572
08573
08574
08575
08578
08579
08580
08583
08584
08585
08586
08587
08588
08589
08590
08593
08594
08595
08597
08598
08599
08600
08601
08602
08603
08604
08605
08606
08607
08608
08609
08610
08611
08612
08616
08619
08620
08621
08622
08623
08624
08625
08626
08627
08628
08629
08630
08631
08632
08633
08635
08636
08637
08638
08639
08640
08641
08642
08643
08644
08645
08646
08647
08649
08650
08652
08653
08654
08655
08656
08658
08659
08660
08662
08663
08665
08667
08668
08669
08670
08671
08672
08674
08675
08676
08677
08679
08685
08687
08689
08692
08693
08695
08696
08697
08698
08700
08701
08702
08703
08704
08705
08706
08707
08709
08710
08711
08714
08715
08716
08718
08719
08720
08721
08722
08725
08726
08728
08729
08730
08732
08733
08735
08736
08738
08739
08742
08743
08745
08746
08751
08752
08753
08754
08755
08757
08759
08760
08761
08763
08764
08766
08768
08771
08772
08773
08775
08776
08779
08780
08781
08782
08783
08784
08786
08789
08790
08791
08796
08797
08798
08799
08800
08802
08803
08805
08806
08807
08808
08809
08810
08811
08812
08813
08814
08815
08816
08817
08818
08820
08821
08823
08825
08826
08827
08828
08829
08830
08832
08835
08836
08837
08840
08841
08842
08843
08845
08848
08849
08850
08852
08853
08854
08857
08859
08861
08862
08863
08864
08865
08866
08867
08868
08869
08870
08872
08873
08874
08875
08876
08878
08880
08881
08883
08885
08886
08887
08889
08890
08891
08892
08893
08894
08895
08896
08902
08904
08905
08906
08907
08908
08909
08910
08911
08912
08913
08914
08915
08916
08917
08918
08919
08920
08921
08922
08923
08924
08925
08926
08927
08928
08929
08931
08932
08935
08936
08937
08938
08939
08940
08942
08943
08945
08946
08947
08950
08954
08955
08957
08958
08962
08966
08967
08968
08969
08971
08972
08973
08974
08977
08978
08979
08980
08981
08982
08983
08984
08985
08986
08987
08988
08989
08990
08991
08992
08993
08994
08995
08996
08997
08999
09002
09003
09004
09005
09006
09007
09008
09009
09010
09012
09013
09014
09015
09016
09017
09018
09020
09021
09022
09023
09024
09025
09026
09028
09029
09031
09035
09036
09037
09038
09040
09042
09043
09045
09048
09050
09052
09053
09054
09056
09058
09059
09061
09063
09066
09068
09069
09070
09072
09073
09074
09075
09076
09077
09078
09079
09082
09083
09084
09085
09086
09087
09088
09089
09090
09091
09093
09095
09097
09099
09100
09101
09102
09104
09105
09106
09108
09109
09110
09111
09112
09114
09116
09117
09118
09119
09121
09124
09125
09126
09127
09129
09131
09132
09133
09134
09135
09136
09137
09139
09140
09141
09142
09143
09145
09146
09147
09148
09150
09151
09152
09153
09154
09155
09156
09157
09158
09159
09160
09161
09163
09164
09165
09166
09167
09168
09170
09171
09172
09173
09174
09175
09176
09178
09179
09180
09181
09182
09183
09184
09186
09187
09188
09189
09190
09191
09192
09193
09195
09197
09198
09199
09200
09201
09202
09208
09209
09210
09211
09212
09213
09215
09217
09218
09221
09222
09223
09224
09225
09226
09227
09228
09230
09231
09232
09233
09234
09235
09237
09238
09239
09241
09242
09243
09244
09245
09247
09248
09249
09250
09252
09253
09254
09255
09256
09257
09258
09259
09261
09262
09264
09265
09266
09268
09269
09270
09272
09273
09274
09275
09277
09278
09279
09280
09281
09282
09283
09284
09285
09287
09288
09289
09290
09291
09292
09293
09295
09297
09298
09299
09300
09301
09302
09304
09306
09307
09308
09309
09310
09311
09312
09314
09315
09316
09319
09321
09322
09323
09324
09326
09327
09328
09329
09330
09332
09333
09334
09336
09337
09338
09339
09340
09341
09342
09344
09345
09346
09347
09348
09350
09352
09353
09354
09355
09356
09357
09359
09362
09363
09364
09365
09366
09367
09368
09369
09371
09372
09374
09376
09377
09381
09382
09383
09384
09386
09387
09388
09390
09392
09393
09394
09395
09397
09398
09399
09400
09401
09402
09403
09404
09406
09408
09412
09413
09414
09416
09417
09418
09419
09420
09422
09423
09425
09426
09427
09429
09430
09431
09432
09435
09436
09438
09439
09440
09441
09443
09446
09447
09448
09449
09450
09451
09452
09454
09455
09456
09458
09461
09462
09463
09464
09465
09466
09467
09468
09469
09471
09472
09473
09474
09475
09476
09477
09480
09481
09482
09483
09484
09485
09486
09489
09490
09492
09493
09494
09495
09496
09497
09498
09499
09500
09502
09506
09507
09508
09509
09510
09511
09512
09513
09514
09515
09516
09517
09518
09519
09521
09522
09523
09525
09526
09527
09528
09531
09532
09533
09535
09537
09539
09540
09541
09544
09545
09548
09549
09550
09551
09552
09553
09554
09555
09557
09558
09559
09560
09561
09562
09563
09565
09566
09567
09569
09570
09571
09572
09573
09574
09575
09577
09578
09579
09580
09581
09582
09583
09585
09586
09587
09588
09590
09592
09593
09595
09596
09597
09599
09600
09601
09603
09604
09605
09607
09608
09611
09612
09613
09614
09615
09616
09617
09618
09619
09620
09622
09623
09624
09625
09626
09627
09628
09629
09630
09631
09632
09633
09634
09635
09636
09639
09640
09641
09642
09643
09644
09645
09647
09648
09649
09650
09652
09653
09654
09655
09656
09657
09658
09659
09660
09661
09662
09663
09665
09666
09667
09670
09674
09675
09676
09677
09678
09682
09683
09685
09686
09687
09688
09689
09690
09691
09692
09693
09694
09695
09696
09697
09698
09699
09700
09701
09702
09704
09705
09706
09707
09708
09709
09710
09711
09712
09713
09714
09715
09717
09718
09720
09721
09725
09726
09728
09729
09730
09731
09732
09733
09734
09735
09736
09737
09738
09739
09740
09741
09742
09743
09744
09745
09746
09748
09749
09751
09752
09753
09754
09755
09756
09758
09759
09760
09761
09762
09763
09764
09765
09766
09767
09769
09770
09771
09773
09774
09775
09776
09778
09779
09781
09782
09783
09784
09785
09787
09788
09789
09790
09791
09792
09793
09794
09799
09800
09801
09802
09803
09804
09805
09807
09808
09809
09810
09811
09812
09813
09814
09815
09816
09817
09819
09820
09822
09823
09824
09827
09828
09829
09830
09831
09832
09833
09834
09835
09836
09837
09838
09839
09840
09841
09843
09846
09847
09850
09853
09854
09855
09856
09857
09858
09859
09860
09861
09862
09863
09864
09865
09866
09867
09869
09870
09871
09872
09877
09878
09879
09880
09881
09883
09884
09885
09886
09887
09888
09889
09891
09892
09893
09894
09895
09896
09897
09901
09905
09906
09907
09908
09909
09910
09911
09912
09913
09914
09915
09916
09917
09918
09920
09921
09922
09924
09925
09926
09929
09931
09934
09935
09937
09939
09940
09942
09944
09945
09946
09947
09949
09950
09951
09952
09955
09956
09957
09958
09959
09960
09962
09964
09965
09966
09968
09970
09971
09972
09973
09974
09976
09977
09978
09979
09980
09981
09982
09983
09985
09986
09987
09988
09989
09990
09991
09992
09993
09994
09995
09996
09997
09998
09999
10000
10001
10003
10004
10005
10006
10007
10008
10010
10011
10012
10013
10014
10015
10017
10018
10019
10020
10023
10025
10026
10028
10030
10031
10038
10039
10041
10043
10044
10045
10046
10048
10049
10050
10051
10052
10053
10054
10057
10058
10060
10061
10062
10063
10064
10065
10066
10067
10068
10069
10071
10072
10073
10074
10076
10077
10078
10080
10081
10083
10085
10086
10087
10089
10090
10092
10094
10095
10097
10098
10100
10101
10105
10106
10108
10109
10110
10111
10112
10114
10115
10116
10117
10118
10119
10120
10121
10122
10123
10124
10126
10127
10128
10129
10130
10131
10132
10134
10135
10137
10138
10141
10142
10143
10144
10145
10146
10147
10149
10150
10151
10152
10153
10154
10155
10156
10157
10158
10159
10160
10161
10162
10164
10165
10166
10167
10168
10169
10170
10171
10172
10173
10174
10175
10176
10177
10178
10180
10182
10183
10184
10185
10186
10188
10189
10190
10191
10192
10194
10195
10198
10199
10200
10205
10206
10207
10208
10209
10210
10211
10212
10213
10215
10216
10218
10219
10221
10222
10223
10224
10225
10226
10227
10228
10232
10234
10235
10236
10237
10238
10239
10240
10241
10242
10243
10245
10246
10247
10248
10249
10250
10251
10252
10253
10254
10255
10257
10259
10260
10261
10263
10266
10267
10268
10269
10270
10271
10273
10274
10275
10276
10277
10280
10282
10283
10284
10285
10286
10287
10288
10291
10292
10293
10295
10296
10297
10298
10301
10302
10303
10304
10305
10306
10307
10308
10309
10310
10313
10314
10315
10316
10317
10318
10319
10320
10321
10322
10323
10324
10325
10326
10329
10330
10331
10333
10334
10335
10336
10339
10340
10341
10342
10343
10344
10345
10346
10347
10348
10350
10351
10352
10353
10356
10358
10360
10362
10364
10365
10366
10368
10370
10371
10373
10374
10376
10377
10378
10381
10382
10383
10384
10387
10388
10389
10390
10391
10393
10394
10395
10397
10398
10399
10400
10402
10403
10404
10405
10406
10407
10408
10409
10410
10411
10412
10413
10415
10417
10418
10420
10424
10425
10426
10427
10428
10430
10431
10432
10434
10436
10437
10438
10440
10441
10445
10446
10447
10448
10449
10451
10452
10453
10454
10455
10456
10457
10458
10459
10460
10462
10463
10464
10465
10467
10468
10469
10470
10471
10473
10474
10475
10476
10478
10479
10480
10481
10482
10483
10484
10485
10486
10488
10489
10490
10492
10493
10495
10496
10497
10498
10499
10500
10501
10502
10508
10511
10512
10513
10514
10516
10517
10518
10520
10521
10523
10524
10525
10526
10530
10531
10532
10535
10536
10537
10538
10539
10543
10545
10546
10548
10549
10550
10551
10552
10553
10554
10555
10556
10557
10558
10559
10560
10561
10562
10563
10565
10566
10567
10568
10569
10570
10571
10572
10574
10575
10577
10578
10579
10580
10581
10582
10583
10584
10585
10587
10589
10590
10591
10592
10596
10597
10598
10601
10602
10603
10604
10606
10607
10608
10609
10612
10613
10615
10616
10617
10618
10619
10620
10621
10622
10624
10625
10626
10628
10629
10630
10631
10632
10633
10634
10635
10638
10639
10640
10641
10642
10643
10645
10646
10647
10648
10650
10652
10653
10654
10655
10657
10658
10660
10661
10662
10663
10665
10667
10668
10669
10670
10671
10672
10673
10674
10676
10677
10679
10681
10686
10687
10689
10690
10692
10693
10694
10695
10696
10700
10701
10702
10705
10706
10709
10711
10713
10714
10715
10716
10718
10719
10720
10721
10722
10723
10724
10725
10726
10727
10728
10729
10730
10731
10732
10734
10735
10737
10738
10739
10740
10742
10743
10745
10746
10748
10749
10750
10751
10752
10753
10754
10758
10759
10760
10762
10764
10765
10767
10770
10771
10772
10773
10777
10778
10779
10780
10781
10782
10783
10784
10785
10786
10789
10790
10791
10792
10794
10795
10798
10800
10802
10803
10804
10805
10807
10808
10810
10811
10812
10813
10814
10815
10816
10817
10818
10820
10821
10822
10824
10825
10827
10828
10829
10830
10831
10833
10834
10835
10836
10838
10839
10842
10843
10844
10846
10847
10848
10850
10851
10852
10853
10854
10855
10856
10857
10859
10860
10861
10862
10863
10864
10866
10867
10868
10870
10871
10873
10875
10877
10878
10879
10880
10882
10884
10885
10886
10887
10888
10890
10891
10892
10893
10894
10895
10897
10898
10899
10900
10901
10903
10904
10906
10907
10908
10909
10910
10912
10914
10915
10917
10918
10921
10923
10924
10927
10928
10929
10931
10932
10934
10935
10937
10938
10939
10940
10941
10942
10943
10944
10945
10946
10947
10948
10949
10950
10951
10952
10954
10956
10957
10958
10960
10961
10963
10965
10967
10968
10973
10974
10976
10977
10979
10980
10981
10982
10984
10985
10986
10987
10988
10990
10991
10992
10993
10994
10996
10997
10998
10999
11000
11001
11002
11003
11004
11005
11006
11007
11008
11009
11010
11011
11012
11014
11015
11016
11020
11021
11022
11023
11024
11025
11026
11027
11028
11029
11031
11032
11033
11036
11037
11038
11039
11040
11041
11042
11044
11045
11047
11048
11049
11050
11051
11054
11055
11056
11058
11059
11060
11061
11062
11064
11067
11069
11070
11071
11073
11074
11075
11076
11077
11078
11079
11080
11081
11082
11083
11084
11085
11086
11087
11088
11089
11090
11092
11093
11095
11096
11097
11098
11099
11100
11101
11105
11106
11107
11110
11111
11114
11115
11116
11117
11118
11119
11120
11121
11123
11124
11125
11126
11127
11128
11129
11130
11132
11133
11135
11137
11139
11141
11142
11143
11145
11146
11147
11148
11149
11150
11151
11154
11155
11156
11157
11159
11161
11162
11164
11165
11166
11167
11168
11172
11173
11174
11175
11177
11178
11179
11180
11181
11186
11187
11189
11190
11191
11192
11193
11195
11196
11198
11199
11200
11201
11202
11203
11204
11205
11207
11209
11210
11211
11212
11213
11214
11215
11217
11219
11220
11221
11222
11224
11226
11227
11228
11229
11230
11231
11234
11235
11236
11237
11238
11239
11240
11241
11242
11243
11244
11245
11246
11247
11248
11249
11250
11253
11255
11256
11258
11262
11266
11267
11268
11269
11270
11271
11274
11275
11277
11278
11279
11280
11281
11282
11285
11286
11287
11288
11291
11294
11295
11296
11298
11299
11300
11301
11304
11306
11307
11308
11309
11310
11312
11313
11314
11315
11316
11317
11319
11320
11321
11323
11324
11325
11326
11327
11328
11329
11333
11334
11336
11337
11338
11339
11341
11342
11343
11344
11345
11346
11348
11350
11351
11353
11354
11355
11356
11359
11360
11361
11362
11363
11364
11366
11367
11368
11369
11370
11371
11372
11373
11374
11375
11376
11377
11378
11379
11380
11381
11382
11383
11384
11386
11387
11388
11390
11391
11393
11395
11396
11398
11399
11400
11402
11405
11406
11407
11408
11409
11410
11411
11413
11414
11415
11416
11419
11420
11421
11424
11425
11427
11428
11429
11430
11431
11432
11433
11434
11435
11440
11441
11442
11443
11445
11446
11447
11448
11451
11452
11453
11454
11455
11456
11457
11459
11461
11462
11463
11465
11466
11469
11470
11472
11473
11474
11475
11476
11478
11479
11480
11481
11482
11485
11486
11487
11488
11489
11490
11491
11494
11496
11497
11498
11499
11500
11501
11502
11503
11504
11506
11507
11508
11509
11510
11511
11512
11513
11514
11515
11516
11517
11518
11520
11522
11524
11525
11526
11527
11529
11530
11531
11532
11533
11536
11537
11538
11539
11540
11541
11542
11543
11544
11545
11546
11548
11552
11553
11554
11555
11556
11559
11560
11561
11562
11563
11565
11566
11567
11570
11572
11573
11574
11575
11577
11578
11580
11581
11582
11583
11584
11586
11587
11588
11590
11591
11592
11593
11594
11595
11597
11598
11602
11603
11604
11606
11607
11608
11610
11611
11613
11614
11615
11616
11618
11619
11620
11621
11623
11624
11625
11626
11627
11628
11631
11632
11633
11634
11635
11636
11638
11639
11640
11641
11644
11645
11646
11648
11649
11650
11651
11654
11656
11659
11660
11661
11662
11663
11664
11665
11666
11667
11668
11669
11670
11671
11672
11673
11674
11675
11676
11677
11678
11679
11682
11683
11684
11685
11687
11688
11689
11691
11692
11693
11695
11696
11698
11699
11700
11703
11704
11706
11709
11710
11711
11713
11715
11716
11717
11720
11721
11724
11725