00009
00013
00017
00023
00024
00025
00039
00041
00043
00044
00047
00052
00058
00069
00072
00077
00080
00084
00087
00089
00093
00099
00105
00107
00108
00112
00117
00121
00124
00125
00127
00128
00133
00134
00140
00146
00155
00166
00173
00175
00181
00190
00191
00193
00195
00204
00211
00213
00218
00222
00225
00233
00234
00237
00238
00243
00244
00246
00252
00256
00264
00269
00272
00275
00278
00284
00287
00288
00289
00290
00298
00313
00314
00317
00332
00333
00338
00350
00351
00352
00354
00361
00362
00365
00367
00369
00371
00376
00377
00382
00384
00388
00389
00394
00397
00399
00401
00406
00410
00411
00419
00424
00426
00429
00433
00437
00439
00440
00443
00446
00450
00460
00464
00471
00472
00476
00478
00480
00481
00488
00489
00493
00499
00500
00504
00510
00511
00518
00519
00523
00524
00526
00530
00536
00541
00543
00545
00547
00548
00549
00555
00557
00560
00564
00566
00568
00574
00582
00589
00593
00597
00599
00602
00606
00612
00620
00621
00622
00623
00625
00630
00632
00638
00645
00646
00647
00650
00653
00657
00658
00661
00664
00667
00669
00670
00673
00674
00680
00686
00691
00693
00697
00702
00705
00710
00717
00718
00719
00724
00725
00728
00744
00747
00748
00749
00752
00753
00758
00761
00764
00766
00768
00774
00777
00780
00781
00788
00791
00792
00793
00796
00800
00802
00804
00808
00813
00818
00821
00825
00828
00831
00833
00835
00839
00840
00854
00855
00858
00860
00861
00866
00867
00870
00876
00882
00885
00887
00889
00897
00907
00910
00915
00924
00933
00937
00938
00939
00940
00941
00942
00944
00945
00950
00956
00957
00958
00960
00965
00970
00974
00979
00983
00988
00989
00991
00992
00994
00999
01007
01009
01013
01015
01019
01022
01026
01028
01030
01045
01046
01047
01051
01052
01054
01055
01060
01066
01073
01074
01082
01084
01085
01087
01089
01093
01096
01097
01098
01100
01102
01104
01107
01114
01121
01124
01125
01126
01131
01134
01136
01139
01142
01144
01152
01153
01155
01168
01170
01182
01189
01190
01193
01204
01207
01210
01211
01217
01221
01225
01226
01229
01235
01236
01237
01250
01251
01253
01254
01256
01258
01259
01270
01272
01273
01276
01277
01278
01282
01288
01290
01292
01295
01302
01305
01307
01308
01309
01318
01320
01326
01329
01336
01346
01350
01359
01363
01366
01367
01370
01375
01382
01385
01386
01401
01408
01414
01416
01422
01436
01442
01446
01450
01451
01454
01457
01459
01462
01467
01470
01471
01474
01487
01493
01496
01508
01513
01514
01516
01519
01528
01531
01534
01536
01543
01545
01548
01559
01563
01566
01570
01577
01578
01580
01584
01586
01590
01592
01596
01598
01599
01600
01603
01606
01607
01608
01617
01618
01623
01626
01629
01632
01633
01644
01647
01648
01651
01661
01670
01671
01673
01675
01678
01684
01687
01688
01696
01697
01698
01713
01715
01716
01717
01720
01725
01731
01737
01743
01763
01764
01766
01771
01776
01780
01781
01790
01792
01800
01806
01820
01822
01825
01830
01831
01832
01835
01836
01837
01841
01855
01868
01871
01872
01878
01879
01881
01882
01887
01890
01891
01892
01894
01896
01898
01899
01901
01907
01913
01915
01916
01918
01930
01931
01938
01940
01942
01948
01951
01957
01958
01973
01975
01977
01980
01987
01988
01992
01994
01995
01998
02000
02010
02013
02019
02028
02032
02033
02038
02039
02046
02050
02052
02053
02054
02058
02066
02067
02071
02076
02079
02084
02089
02092
02096
02101
02102
02108
02111
02114
02118
02131
02135
02137
02140
02143
02148
02155
02157
02159
02165
02167
02169
02173
02178
02181
02182
02183
02188
02190
02194
02199
02208
02211
02212
02214
02217
02219
02220
02222
02225
02226
02227
02232
02233
02237
02248
02253
02257
02268
02273
02275
02276
02282
02285
02289
02297
02299
02300
02301
02310
02318
02331
02336
02338
02344
02347
02349
02358
02359
02360
02362
02370
02372
02373
02374
02381
02382
02388
02392
02394
02399
02403
02404
02411
02415
02418
02422
02426
02432
02435
02442
02445
02448
02459
02461
02468
02480
02483
02484
02486
02487
02488
02495
02498
02499
02500
02508
02511
02519
02520
02525
02529
02530
02531
02532
02538
02542
02543
02545
02546
02548
02550
02551
02555
02558
02560
02562
02563
02564
02576
02579
02587
02588
02591
02593
02594
02597
02599
02601
02607
02612
02619
02620
02624
02626
02629
02634
02639
02647
02648
02651
02655
02667
02668
02671
02677
02679
02688
02689
02690
02692
02693
02696
02697
02698
02700
02705
02706
02707
02711
02713
02716
02730
02738
02739
02745
02749
02750
02753
02754
02765
02766
02772
02774
02775
02776
02782
02783
02786
02788
02789
02800
02807
02808
02809
02814
02815
02816
02818
02821
02837
02840
02841
02844
02845
02846
02852
02855
02859
02861
02862
02866
02867
02868
02873
02876
02877
02878
02883
02884
02887
02892
02893
02898
02899
02903
02911
02915
02920
02928
02929
02930
02941
02942
02943
02949
02954
02956
02958
02962
02963
02964
02966
02968
02970
02971
02972
02973
02975
02985
02991
02993
02995
02997
03005
03008
03015
03019
03024
03026
03041
03044
03048
03049
03050
03052
03054
03059
03060
03062
03065
03068
03072
03073
03082
03085
03087
03089
03090
03091
03092
03097
03099
03100
03102
03104
03112
03117
03119
03120
03121
03124
03125
03129
03134
03136
03158
03162
03172
03181
03184
03187
03188
03190
03195
03203
03204
03209
03213
03216
03222
03225
03237
03238
03240
03248
03251
03260
03263
03265
03269
03270
03276
03279
03281
03284
03287
03288
03289
03292
03293
03297
03299
03300
03303
03306
03311
03313
03315
03316
03319
03322
03325
03334
03338
03340
03345
03346
03348
03353
03355
03358
03364
03365
03366
03369
03373
03374
03376
03388
03396
03399
03400
03404
03412
03414
03423
03424
03429
03433
03435
03436
03442
03461
03462
03463
03464
03465
03470
03473
03476
03477
03478
03484
03489
03497
03499
03500
03513
03515
03522
03524
03529
03532
03536
03537
03541
03546
03548
03549
03575
03580
03583
03587
03588
03595
03596
03600
03603
03608
03611
03615
03616
03628
03629
03633
03634
03638
03639
03641
03648
03649
03653
03654
03655
03659
03675
03676
03681
03685
03689
03700
03704
03707
03708
03709
03712
03714
03715
03720
03723
03724
03728
03732
03736
03739
03746
03750
03751
03752
03754
03757
03761
03765
03770
03771
03777
03779
03791
03792
03794
03795
03802
03805
03806
03810
03812
03815
03820
03821
03832
03834
03839
03842
03843
03844
03846
03857
03864
03866
03873
03874
03875
03887
03888
03891
03893
03899
03904
03905
03913
03914
03920
03937
03938
03943
03944
03946
03960
03966
03970
03983
03996
03999
04004
04010
04014
04018
04025
04033
04034
04035
04038
04043
04044
04048
04051
04054
04058
04059
04061
04067
04069
04071
04072
04074
04079
04081
04084
04088
04091
04097
04099
04100
04101
04107
04111
04117
04118
04119
04120
04122
04123
04153
04163
04167
04168
04179
04181
04185
04186
04191
04192
04193
04196
04206
04213
04216
04223
04226
04228
04229
04241
04247
04251
04252
04254
04258
04259
04264
04266
04272
04276
04278
04279
04286
04287
04288
04293
04295
04301
04302
04303
04305
04306
04309
04321
04323
04329
04333
04334
04336
04338
04343
04345
04347
04348
04351
04352
04360
04361
04364
04374
04380
04381
04384
04385
04386
04400
04403
04406
04409
04419
04420
04432
04440
04444
04445
04446
04453
04455
04456
04457
04460
04463
04466
04467
04474
04484
04487
04495
04496
04498
04506
04507
04510
04519
04520
04522
04525
04531
04533
04534
04536
04537
04539
04542
04544
04548
04551
04552
04553
04560
04562
04571
04573
04574
04575
04579
04589
04591
04592
04598
04599
04608
04610
04614
04620
04621
04624
04625
04626
04632
04634
04643
04645
04648
04649
04659
04661
04667
04670
04673
04674
04679
04686
04688
04698
04700
04707
04709
04711
04712
04715
04717
04718
04719
04722
04724
04726
04732
04734
04737
04744
04747
04752
04753
04755
04757
04758
04759
04761
04763
04766
04768
04772
04783
04786
04792
04797
04805
04811
04817
04819
04828
04830
04834
04836
04838
04840
04841
04846
04854
04859
04860
04861
04863
04865
04866
04868
04869
04877
04882
04884
04890
04891
04896
04899
04902
04907
04911
04916
04918
04924
04938
04942
04944
04945
04948
04949
04953
04956
04958
04960
04961
04963
04964
04978
04986
04987
04988
04993
04998
05004
05008
05009
05014
05015
05020
05023
05025
05026
05030
05031
05034
05035
05041
05042
05045
05046
05055
05056
05057
05061
05063
05064
05067
05068
05069
05076
05081
05082
05087
05090
05091
05095
05096
05097
05099
05109
05111
05112
05115
05120
05122
05127
05133
05134
05135
05140
05143
05144
05145
05146
05149
05154
05158
05161
05167
05169
05173
05175
05177
05180
05183
05185
05192
05198
05202
05206
05216
05222
05225
05227
05233
05241
05246
05247
05248
05252
05254
05260
05263
05264
05269
05270
05278
05284
05287
05288
05292
05294
05295
05296
05297
05298
05300
05301
05302
05303
05307
05308
05310
05313
05314
05315
05320
05324
05329
05331
05334
05339
05342
05343
05348
05349
05353
05354
05360
05362
05363
05369
05372
05377
05378
05391
05392
05393
05404
05409
05410
05420
05421
05429
05434
05449
05454
05455
05456
05466
05468
05469
05474
05480
05481
05495
05496
05498
05503
05505
05509
05512
05518
05519
05530
05543
05547
05550
05554
05558
05560
05567
05568
05569
05572
05582
05583
05587
05597
05604
05605
05611
05617
05618
05619
05625
05634
05635
05639
05649
05661
05664
05665
05668
05674
05675
05683
05686
05688
05691
05692
05707
05709
05710
05713
05727
05728
05729
05737
05739
05742
05743
05745
05752
05762
05764
05766
05770
05778
05780
05782
05785
05787
05791
05795
05800
05805
05807
05814
05821
05825
05836
05838
05839
05841
05842
05854
05858
05863
05865
05868
05869
05870
05876
05878
05879
05881
05882
05883
05884
05888
05892
05893
05898
05901
05905
05906
05909
05911
05913
05917
05920
05923
05927
05932
05937
05939
05940
05945
05946
05948
05952
05956
05957
05971
05974
05978
05982
05983
05985
05986
05987
05990
05997
05999
06004
06006
06008
06013
06014
06018
06020
06022
06031
06032
06033
06038
06043
06044
06048
06050
06061
06063
06066
06067
06071
06072
06073
06075
06080
06086
06093
06094
06101
06105
06106
06110
06115
06116
06117
06129
06137
06138
06156
06158
06159
06162
06163
06164
06179
06181
06182
06183
06190
06194
06196
06197
06202
06205
06207
06209
06220
06223
06230
06232
06237
06246
06249
06250
06252
06253
06254
06262
06276
06280
06287
06289
06296
06298
06299
06303
06309
06315
06322
06326
06328
06334
06339
06356
06360
06364
06372
06373
06374
06379
06384
06388
06389
06390
06393
06396
06401
06412
06414
06415
06425
06426
06428
06430
06437
06445
06446
06448
06453
06456
06458
06460
06462
06473
06475
06480
06482
06483
06484
06485
06487
06489
06490
06499
06501
06502
06503
06506
06508
06513
06517
06524
06526
06529
06534
06536
06540
06546
06549
06554
06564
06567
06569
06574
06576
06578
06586
06587
06599
06600
06603
06605
06606
06608
06611
06612
06613
06624
06628
06629
06635
06647
06651
06661
06663
06672
06678
06684
06689
06691
06693
06698
06704
06706
06718
06729
06730
06734
06742
06747
06754
06756
06759
06760
06761
06768
06777
06783
06791
06796
06807
06808
06809
06810
06825
06826
06827
06831
06832
06834
06836
06838
06843
06844
06850
06851
06852
06854
06860
06864
06873
06875
06881
06883
06886
06893
06899
06904
06909
06912
06919
06924
06925
06929
06931
06939
06945
06947
06955
06956
06960
06962
06964
06965
06972
06975
06976
06981
06983
06994
06999
07001
07002
07011
07015
07017
07019
07020
07021
07022
07024
07025
07042
07044
07054
07058
07062
07064
07065
07068
07075
07077
07091
07096
07097
07098
07104
07106
07108
07110
07113
07117
07120
07123
07129
07134
07137
07148
07151
07154
07158
07167
07168
07172
07176
07187
07200
07206
07219
07220
07227
07229
07233
07234
07238
07240
07245
07258
07260
07261
07267
07275
07285
07287
07290
07294
07302
07304
07305
07306
07307
07309
07313
07330
07339
07343
07346
07350
07354
07358
07362
07366
07368
07374
07375
07379
07384
07387
07391
07397
07405
07409
07410
07413
07417
07418
07419
07424
07428
07430
07432
07433
07436
07442
07453
07454
07455
07457
07467
07476
07478
07479
07481
07491
07492
07496
07497
07503
07519
07521
07524
07530
07531
07536
07542
07548
07551
07562
07567
07571
07577
07579
07580
07582
07586
07590
07592
07593
07594
07599
07605
07611
07619
07620
07623
07630
07631
07634
07640
07643
07645
07648
07650
07653
07660
07668
07684
07686
07688
07690
07692
07694
07704
07708
07709
07711
07713
07718
07721
07722
07725
07728
07732
07734
07741
07743
07744
07748
07749
07751
07753
07754
07762
07763
07768
07772
07773
07778
07783
07784
07794
07795
07797
07807
07810
07814
07817
07819
07821
07829
07832
07849
07852
07856
07864
07865
07869
07872
07879
07886
07889
07890
07893
07894
07896
07899
07900
07907
07911
07924
07925
07927
07929
07930
07935
07937
07941
07943
07946
07949
07950
07963
07977
07980
07983
07986
07991
07992
07993
07994
07999
08006
08007
08010
08018
08019
08026
08033
08038
08044
08046
08050
08051
08053
08054
08056
08060
08066
08068
08071
08072
08075
08080
08084
08085
08086
08090
08098
08099
08103
08114
08115
08125
08131
08134
08137
08143
08149
08153
08155
08170
08176
08181
08182
08189
08190
08192
08194
08195
08198
08211
08212
08215
08223
08227
08235
08240
08241
08244
08248
08250
08252
08253
08254
08255
08263
08266
08267
08268
08272
08274
08280
08297
08298
08299
08301
08303
08304
08305
08311
08312
08314
08315
08316
08321
08322
08324
08327
08328
08338
08345
08346
08353
08354
08359
08372
08375
08376
08383
08388
08390
08393
08397
08403
08404
08405
08406
08410
08415
08417
08421
08426
08428
08429
08430
08436
08437
08440
08442
08447
08448
08453
08455
08456
08457
08460
08462
08474
08477
08478
08479
08484
08487
08489
08490
08493
08519
08520
08524
08527
08529
08537
08539
08540
08545
08552
08563
08567
08576
08577
08581
08582
08591
08592
08596
08613
08614
08615
08617
08618
08634
08648
08651
08657
08661
08664
08666
08673
08678
08680
08681
08682
08683
08684
08686
08688
08690
08691
08694
08699
08708
08712
08713
08717
08723
08724
08727
08731
08734
08737
08740
08741
08744
08747
08748
08749
08750
08756
08758
08762
08765
08767
08769
08770
08774
08777
08778
08785
08787
08788
08792
08793
08794
08795
08801
08804
08819
08822
08824
08831
08833
08834
08838
08839
08844
08846
08847
08851
08855
08856
08858
08860
08871
08877
08879
08882
08884
08888
08897
08898
08899
08900
08901
08903
08930
08933
08934
08941
08944
08948
08949
08951
08952
08953
08956
08959
08960
08961
08963
08964
08965
08970
08975
08976
08998
09000
09001
09011
09019
09027
09030
09032
09033
09034
09039
09041
09044
09046
09047
09049
09051
09055
09057
09060
09062
09064
09065
09067
09071
09080
09081
09092
09094
09096
09098
09103
09107
09113
09115
09120
09122
09123
09128
09130
09138
09144
09149
09162
09169
09177
09185
09194
09196
09203
09204
09205
09206
09207
09214
09216
09219
09220
09229
09236
09240
09246
09251
09260
09263
09267
09271
09276
09286
09294
09296
09303
09305
09313
09317
09318
09320
09325
09331
09335
09343
09349
09351
09358
09360
09361
09370
09373
09375
09378
09379
09380
09385
09389
09391
09396
09405
09407
09409
09410
09411
09415
09421
09424
09428
09433
09434
09437
09442
09444
09445
09453
09457
09459
09460
09470
09478
09479
09487
09488
09491
09501
09503
09504
09505
09520
09524
09529
09530
09534
09536
09538
09542
09543
09546
09547
09556
09564
09568
09576
09584
09589
09591
09594
09598
09602
09606
09609
09610
09621
09637
09638
09646
09651
09664
09668
09669
09671
09672
09673
09679
09680
09681
09684
09703
09716
09719
09722
09723
09724
09727
09747
09750
09757
09768
09772
09777
09780
09786
09795
09796
09797
09798
09806
09818
09821
09825
09826
09842
09844
09845
09848
09849
09851
09852
09868
09873
09874
09875
09876
09882
09890
09898
09899
09900
09902
09903
09904
09919
09923
09927
09928
09930
09932
09933
09936
09938
09941
09943
09948
09953
09954
09961
09963
09967
09969
09975
09984
10002
10009
10016
10021
10022
10024
10027
10029
10032
10033
10034
10035
10036
10037
10040
10042
10047
10055
10056
10059
10070
10075
10079
10082
10084
10088
10091
10093
10096
10099
10102
10103
10104
10107
10113
10125
10133
10136
10139
10140
10148
10163
10179
10181
10187
10193
10196
10197
10201
10202
10203
10204
10214
10217
10220
10229
10230
10231
10233
10244
10256
10258
10262
10264
10265
10272
10278
10279
10281
10289
10290
10294
10299
10300
10311
10312
10327
10328
10332
10337
10338
10349
10354
10355
10357
10359
10361
10363
10367
10369
10372
10375
10379
10380
10385
10386
10392
10396
10401
10414
10416
10419
10421
10422
10423
10429
10433
10435
10439
10442
10443
10444
10450
10461
10466
10472
10477
10487
10491
10494
10503
10504
10505
10506
10507
10509
10510
10515
10519
10522
10527
10528
10529
10533
10534
10540
10541
10542
10544
10547
10564
10573
10576
10586
10588
10593
10594
10595
10599
10600
10605
10610
10611
10614
10623
10627
10636
10637
10644
10649
10651
10656
10659
10664
10666
10675
10678
10680
10682
10683
10684
10685
10688
10691
10697
10698
10699
10703
10704
10707
10708
10710
10712
10717
10733
10736
10741
10744
10747
10755
10756
10757
10761
10763
10766
10768
10769
10774
10775
10776
10787
10788
10793
10796
10797
10799
10801
10806
10809
10819
10823
10826
10832
10837
10840
10841
10845
10849
10858
10865
10869
10872
10874
10876
10881
10883
10889
10896
10902
10905
10911
10913
10916
10919
10920
10922
10925
10926
10930
10933
10936
10953
10955
10959
10962
10964
10966
10969
10970
10971
10972
10975
10978
10983
10989
10995
11013
11017
11018
11019
11030
11034
11035
11043
11046
11052
11053
11057
11063
11065
11066
11068
11072
11091
11094
11102
11103
11104
11108
11109
11112
11113
11122
11131
11134
11136
11138
11140
11144
11152
11153
11158
11160
11163
11169
11170
11171
11176
11182
11183
11184
11185
11188
11194
11197
11206
11208
11216
11218
11223
11225
11232
11233
11251
11252
11254
11257
11259
11260
11261
11263
11264
11265
11272
11273
11276
11283
11284
11289
11290
11292
11293
11297
11302
11303
11305
11311
11318
11322
11330
11331
11332
11335
11340
11347
11349
11352
11357
11358
11365
11385
11389
11392
11394
11397
11401
11403
11404
11412
11417
11418
11422
11423
11426
11436
11437
11438
11439
11444
11449
11450
11458
11460
11464
11467
11468
11471
11477
11483
11484
11492
11493
11495
11505
11519
11521
11523
11528
11534
11535
11547
11549
11550
11551
11557
11558
11564
11568
11569
11571
11576
11579
11585
11589
11596
11599
11600
11601
11605
11609
11612
11617
11622
11629
11630
11637
11642
11643
11647
11652
11653
11655
11657
11658
11680
11681
11686
11690
11694
11697
11701
11702
11705
11707
11708
11712
11714
11718
11719
11722
11723